"1","
Non missing response frequency for each item
             1    2    3    4    5    6 miss
MAIA.1_1  0.09 0.09 0.16 0.28 0.22 0.15 0.08
MAIA.1_2  0.03 0.06 0.10 0.22 0.33 0.27 0.08
MAIA.1_3  0.04 0.05 0.15 0.24 0.31 0.22 0.09
MAIA.1_4  0.04 0.06 0.15 0.23 0.28 0.24 0.08
MAIA.1_5  0.15 0.20 0.30 0.17 0.10 0.07 0.08
MAIA.1_6  0.15 0.23 0.32 0.15 0.10 0.05 0.08
MAIA.1_7  0.24 0.31 0.28 0.10 0.04 0.02 0.08
MAIA.1_8  0.22 0.24 0.26 0.14 0.11 0.03 0.08
MAIA.1_9  0.20 0.33 0.24 0.14 0.07 0.03 0.09
MAIA.1_10 0.20 0.25 0.24 0.16 0.09 0.07 0.09
MAIA.1_11 0.12 0.23 0.25 0.19 0.12 0.09 0.08
MAIA.1_12 0.14 0.23 0.24 0.19 0.14 0.06 0.09
MAIA.1_13 0.07 0.13 0.21 0.28 0.20 0.11 0.09
MAIA.1_14 0.05 0.08 0.24 0.28 0.21 0.14 0.09
MAIA.1_15 0.09 0.20 0.26 0.23 0.17 0.06 0.08
MAIA.1_16 0.06 0.14 0.17 0.29 0.22 0.12 0.09
MAIA.1_17 0.07 0.12 0.20 0.29 0.21 0.12 0.09
MAIA.1_18 0.09 0.13 0.21 0.27 0.20 0.11 0.09
MAIA.2_1  0.03 0.08 0.19 0.36 0.21 0.13 0.08
MAIA.2_2  0.03 0.11 0.19 0.32 0.23 0.12 0.08
MAIA.2_3  0.03 0.08 0.23 0.31 0.22 0.13 0.08
MAIA.2_4  0.04 0.09 0.21 0.31 0.22 0.13 0.08
MAIA.2_5  0.04 0.09 0.14 0.32 0.25 0.17 0.08
MAIA.2_6  0.05 0.08 0.16 0.31 0.25 0.16 0.09
MAIA.2_7  0.04 0.08 0.12 0.26 0.28 0.22 0.08
MAIA.2_8  0.04 0.07 0.13 0.24 0.28 0.23 0.08
MAIA.2_9  0.04 0.06 0.12 0.25 0.29 0.24 0.09
MAIA.2_10 0.08 0.15 0.23 0.25 0.19 0.10 0.08
MAIA.2_11 0.06 0.12 0.24 0.25 0.21 0.12 0.08
MAIA.2_12 0.04 0.10 0.20 0.28 0.24 0.14 0.09
MAIA.2_13 0.09 0.11 0.19 0.28 0.21 0.12 0.09
MAIA.2_14 0.09 0.11 0.20 0.29 0.20 0.12 0.08
MAIA.2_15 0.12 0.17 0.20 0.24 0.17 0.09 0.09
MAIA.2_16 0.10 0.13 0.16 0.31 0.18 0.12 0.09
MAIA.2_17 0.06 0.09 0.18 0.29 0.22 0.17 0.08
MAIA.2_18 0.06 0.09 0.18 0.25 0.26 0.16 0.09
MAIA.2_19 0.03 0.06 0.16 0.32 0.26 0.17 0.08
"
