"1","
Non missing response frequency for each item
           1    2    3    4    5    6    7 miss
DS-S_1  0.06 0.14 0.25 0.12 0.16 0.15 0.10 0.07
DS-S_2  0.03 0.12 0.12 0.28 0.28 0.12 0.06 0.07
DS-S_3  0.03 0.08 0.10 0.17 0.32 0.18 0.11 0.07
DS-S_4  0.01 0.06 0.08 0.31 0.29 0.20 0.06 0.07
DS-S_5  0.06 0.16 0.34 0.23 0.15 0.03 0.02 0.07
DS-S_6  0.08 0.21 0.31 0.25 0.11 0.03 0.01 0.07
DS-S_7  0.08 0.19 0.29 0.22 0.15 0.06 0.02 0.07
DS-S_8  0.02 0.05 0.08 0.32 0.32 0.17 0.04 0.07
DS-S_9  0.06 0.18 0.27 0.24 0.14 0.08 0.02 0.07
DS-S_10 0.03 0.06 0.11 0.29 0.31 0.15 0.05 0.07
DS-S_11 0.02 0.06 0.12 0.24 0.32 0.17 0.07 0.07
DS-S_12 0.06 0.13 0.15 0.27 0.20 0.12 0.06 0.07
DS-S_13 0.06 0.13 0.13 0.23 0.25 0.14 0.06 0.07
DS-S_14 0.11 0.28 0.34 0.21 0.04 0.02 0.00 0.07
"
