"1","
Non missing response frequency for each item
          1    2    3    4 miss
CESD1  0.34 0.42 0.20 0.04 0.05
CESD2  0.47 0.28 0.18 0.07 0.05
CESD3  0.46 0.26 0.23 0.05 0.05
check4 0.03 0.03 0.06 0.88 0.05
CESD4  0.15 0.40 0.33 0.12 0.05
CESD5  0.17 0.33 0.38 0.12 0.05
CESD6  0.47 0.31 0.16 0.06 0.05
CESD7  0.13 0.32 0.38 0.17 0.05
CESD8  0.25 0.35 0.31 0.09 0.05
CESD9  0.56 0.26 0.12 0.06 0.05
CESD10 0.45 0.29 0.20 0.06 0.05
CESD11 0.36 0.32 0.23 0.10 0.05
CESD12 0.26 0.46 0.23 0.05 0.05
CESD13 0.34 0.36 0.23 0.07 0.05
CESD14 0.34 0.32 0.22 0.12 0.05
CESD15 0.64 0.23 0.11 0.03 0.05
CESD16 0.27 0.41 0.26 0.05 0.05
CESD17 0.62 0.19 0.14 0.05 0.05
CESD18 0.36 0.39 0.18 0.07 0.05
CESD19 0.43 0.30 0.19 0.09 0.05
CESD20 0.44 0.28 0.20 0.07 0.05
"
