"1","
Non missing response frequency for each item
           1    2    3    4    5    6    7 miss
DS-S_1  0.04 0.16 0.21 0.08 0.18 0.22 0.12 0.05
DS-S_2  0.03 0.08 0.20 0.26 0.24 0.12 0.06 0.05
DS-S_3  0.04 0.08 0.12 0.12 0.37 0.19 0.09 0.05
DS-S_4  0.01 0.06 0.09 0.23 0.35 0.19 0.07 0.05
DS-S_5  0.08 0.18 0.30 0.18 0.17 0.08 0.01 0.05
DS-S_6  0.11 0.22 0.30 0.18 0.09 0.07 0.02 0.05
DS-S_7  0.11 0.20 0.30 0.15 0.17 0.07 0.00 0.05
DS-S_8  0.01 0.05 0.13 0.32 0.28 0.15 0.05 0.05
DS-S_9  0.05 0.14 0.30 0.22 0.17 0.09 0.02 0.05
DS-S_10 0.03 0.05 0.08 0.24 0.40 0.16 0.04 0.05
DS-S_11 0.03 0.06 0.13 0.21 0.33 0.15 0.08 0.05
DS-S_12 0.06 0.15 0.21 0.27 0.18 0.07 0.05 0.05
DS-S_13 0.04 0.11 0.13 0.22 0.27 0.14 0.09 0.05
DS-S_14 0.12 0.29 0.38 0.15 0.04 0.02 0.00 0.05
"
