"1","
Non missing response frequency for each item
          1    2    3    4 miss
CESD1  0.32 0.34 0.26 0.08 0.07
CESD2  0.34 0.29 0.27 0.09 0.07
CESD3  0.34 0.28 0.28 0.11 0.07
check4 0.06 0.08 0.09 0.78 0.07
CESD4  0.16 0.36 0.34 0.14 0.07
CESD5  0.17 0.30 0.37 0.16 0.07
CESD6  0.36 0.29 0.23 0.12 0.07
CESD7  0.13 0.36 0.36 0.14 0.07
CESD8  0.13 0.37 0.35 0.15 0.07
CESD9  0.44 0.30 0.17 0.09 0.07
CESD10 0.39 0.25 0.25 0.10 0.07
CESD11 0.29 0.28 0.26 0.17 0.07
CESD12 0.19 0.46 0.29 0.06 0.07
CESD13 0.29 0.35 0.27 0.09 0.07
CESD14 0.28 0.33 0.24 0.15 0.07
CESD15 0.53 0.28 0.14 0.06 0.07
CESD16 0.18 0.41 0.34 0.06 0.07
CESD17 0.51 0.17 0.21 0.10 0.07
CESD18 0.28 0.32 0.28 0.12 0.07
CESD19 0.35 0.33 0.21 0.11 0.07
CESD20 0.29 0.31 0.25 0.14 0.07
"
