"1","
Non missing response frequency for each item
         1    2    3    4    5 miss
SCC1  0.11 0.31 0.33 0.17 0.08 0.07
SCC2  0.19 0.38 0.24 0.13 0.07 0.07
SCC3  0.20 0.37 0.23 0.11 0.09 0.07
SCC4  0.20 0.30 0.24 0.17 0.10 0.07
SCC5  0.12 0.28 0.27 0.19 0.13 0.07
SCC6  0.11 0.20 0.38 0.22 0.10 0.07
SCC7  0.09 0.27 0.28 0.22 0.13 0.07
SCC8  0.12 0.27 0.30 0.19 0.13 0.07
SCC9  0.13 0.25 0.25 0.22 0.15 0.07
SCC10 0.15 0.25 0.27 0.21 0.13 0.07
SCC11 0.07 0.15 0.29 0.35 0.14 0.07
SCC12 0.20 0.33 0.27 0.12 0.07 0.07
"
